[gd_scene load_steps=12 format=2]

[ext_resource path="res://Orb.tscn" type="PackedScene" id=1]
[ext_resource path="res://OrbController.gd" type="Script" id=2]
[ext_resource path="res://shaders/vertColorFloaty.tres" type="Shader" id=3]
[ext_resource path="res://Main.gd" type="Script" id=4]
[ext_resource path="res://Player.tscn" type="PackedScene" id=5]
[ext_resource path="res://shaders/vertColorSoft.tres" type="Shader" id=6]

[sub_resource type="GDScript" id=1]
script/source = "extends Spatial


# Declare member variables here. Examples:
# var a = 2
# var b = \"text\"


# Called when the node enters the scene tree for the first time.
func _ready():
	pass # Replace with function body.


# Called every frame. 'delta' is the elapsed time since the previous frame.
#func _process(delta):
#	pass
"

[sub_resource type="CubeMesh" id=2]

[sub_resource type="ShaderMaterial" id=3]
shader = ExtResource( 6 )

[sub_resource type="BoxShape" id=4]

[sub_resource type="ShaderMaterial" id=5]
shader = ExtResource( 3 )

[node name="Main" type="Spatial"]
script = ExtResource( 4 )

[node name="Player" parent="." instance=ExtResource( 5 )]

[node name="DirectionalLight" type="DirectionalLight" parent="."]
transform = Transform( 1, 0, 0, 0, 0.173648, 0.984808, 0, -0.984808, 0.173648, 0, 0, 0 )
light_color = Color( 0.74902, 0.74902, 0.74902, 1 )

[node name="Environment" type="Spatial" parent="."]
script = SubResource( 1 )

[node name="Floor_StaticBody" type="StaticBody" parent="Environment"]
collision_layer = 513
collision_mask = 513

[node name="MeshInstance" type="MeshInstance" parent="Environment/Floor_StaticBody"]
transform = Transform( 10, 0, 0, 0, 1, 0, 0, 0, 10, 0, -1, 0 )
mesh = SubResource( 2 )
material/0 = SubResource( 3 )

[node name="CollisionShape" type="CollisionShape" parent="Environment/Floor_StaticBody"]
transform = Transform( 10, 0, 0, 0, 1, 0, 0, 0, 10, 0, -1, 0 )
shape = SubResource( 4 )

[node name="CSGCombiner" type="CSGCombiner" parent="Environment/Floor_StaticBody"]
transform = Transform( 1, 0.000635181, -0.000154203, -0.000635163, 1, 0.000112449, 0.000154277, -0.000112348, 1, 0, 0, 0 )
material_override = SubResource( 5 )

[node name="CSGBox" type="CSGBox" parent="Environment/Floor_StaticBody/CSGCombiner"]
transform = Transform( 1, 1.88116e-10, -4.36557e-11, -1.61981e-10, 1, -2.18279e-11, 4.36557e-11, 0, 1, 0.202435, 0.000128583, -8.43597 )
width = 1.36152
height = 7.94098
depth = 1.42182

[node name="CSGBox2" type="CSGBox" parent="Environment/Floor_StaticBody/CSGCombiner"]
transform = Transform( 0.931596, 1.29909e-10, -0.363495, -6.91216e-11, 1, 4.36557e-11, 0.363495, 0, 0.931596, 1.60281, 0.000128583, -8.10809 )
width = 1.36152
height = 6.39909
depth = 2.05515

[node name="CSGBox3" type="CSGBox" parent="Environment/Floor_StaticBody/CSGCombiner"]
transform = Transform( 0.939154, 1.29909e-10, 0.343496, -3.27418e-11, 1, 1.45519e-11, -0.343496, 0, 0.939154, 2.98361, 0.000128582, -8.83575 )
width = 1.36152
height = 4.75809
depth = 2.05515

[node name="CSGBox4" type="CSGBox" parent="Environment/Floor_StaticBody/CSGCombiner"]
transform = Transform( 0.903463, 1.29909e-10, -0.428667, -5.82077e-11, 1, -3.63798e-11, 0.428667, 0, 0.903463, 4.35231, 0.000128582, -8.9368 )
width = 2.11769
height = 5.7928
depth = 2.05515

[node name="CSGBox5" type="CSGBox" parent="Environment/Floor_StaticBody/CSGCombiner"]
transform = Transform( 0.90661, 1.29909e-10, 0.42197, -8.00355e-11, 1, -2.18279e-11, -0.42197, 0, 0.90661, 6.0064, 0.000128582, -9.24346 )
width = 2.11769
height = 8.34924
depth = 1.69926

[node name="CSGBox6" type="CSGBox" parent="Environment/Floor_StaticBody/CSGCombiner"]
transform = Transform( 0.75299, 1.29909e-10, -0.658032, 2.18279e-11, 1, -2.91038e-11, 0.658032, 0, 0.75299, 7.49, 0.000128582, -8.58021 )
width = 0.905249
height = 7.4196
depth = 1.69926

[node name="CSGBox7" type="CSGBox" parent="Environment/Floor_StaticBody/CSGCombiner"]
transform = Transform( 0.610422, 1.29909e-10, -0.792076, 2.91038e-11, 1, 2.18279e-11, 0.792076, 0, 0.610422, 8.58057, 0.000128583, -8.23507 )
width = 1.94292
height = 5.91183
depth = 1.39238

[node name="CSGBox8" type="CSGBox" parent="Environment/Floor_StaticBody/CSGCombiner"]
transform = Transform( 1, 3.04532e-10, -7.27596e-11, -2.784e-10, 1, -3.63798e-11, 7.27596e-11, 0, 1, -8.96646, -0.00569532, -8.43456 )
width = 1.36152
height = 7.94098
depth = 1.42182

[node name="CSGBox9" type="CSGBox" parent="Environment/Floor_StaticBody/CSGCombiner"]
transform = Transform( 0.931596, 2.46324e-10, -0.363495, -1.81899e-11, 1, 7.27596e-11, 0.363495, 0, 0.931596, -7.56608, -0.00569532, -8.10668 )
width = 1.36152
height = 6.39909
depth = 2.05515

[node name="CSGBox10" type="CSGBox" parent="Environment/Floor_StaticBody/CSGCombiner"]
transform = Transform( 0.939154, 2.46324e-10, 0.343496, -9.09495e-11, 1, 1.45519e-11, -0.343496, 0, 0.939154, -6.18528, -0.00569532, -8.83434 )
width = 1.36152
height = 4.75809
depth = 2.05515

[node name="CSGBox36" type="CSGBox" parent="Environment/Floor_StaticBody/CSGCombiner"]
transform = Transform( 1, 4.20947e-10, -1.01863e-10, -3.94818e-10, 1, -5.09317e-11, 1.01863e-10, 0, 1, 0.133155, -0.00203296, 10.3951 )
width = 1.36152
height = 7.94098
depth = 1.42182

[node name="CSGBox37" type="CSGBox" parent="Environment/Floor_StaticBody/CSGCombiner"]
transform = Transform( 0.931596, 3.62739e-10, -0.363495, 9.09495e-11, 1, 1.45519e-10, 0.363495, 0, 0.931596, 1.53354, -0.00203296, 10.723 )
width = 1.36152
height = 6.39909
depth = 2.05515

[node name="CSGBox44" type="CSGBox" parent="Environment/Floor_StaticBody/CSGCombiner"]
transform = Transform( 0.939154, 3.62739e-10, 0.343496, -2.07365e-10, 1, 1.45519e-11, -0.343496, 0, 0.939154, 2.91434, -0.00203296, 9.99531 )
width = 1.36152
height = 4.75809
depth = 2.05515

[node name="CSGBox45" type="CSGBox" parent="Environment/Floor_StaticBody/CSGCombiner"]
transform = Transform( 0.903463, 3.62739e-10, -0.428667, -7.27596e-11, 1, -1.23691e-10, 0.428667, 0, 0.903463, 4.28303, -0.00203296, 9.89426 )
width = 2.11769
height = 5.7928
depth = 2.05515

[node name="CSGBox46" type="CSGBox" parent="Environment/Floor_StaticBody/CSGCombiner"]
transform = Transform( 0.90661, 3.62739e-10, 0.42197, -1.23691e-10, 1, -1.09139e-10, -0.42197, 0, 0.90661, 5.93712, -0.00203296, 9.5876 )
width = 2.11769
height = 8.34924
depth = 1.69926

[node name="CSGBox47" type="CSGBox" parent="Environment/Floor_StaticBody/CSGCombiner"]
transform = Transform( 0.75299, 1.35227e-09, -0.658032, 2.18279e-11, 1, -1.67347e-10, 0.658032, 0, 0.752991, 7.7991, -0.00175578, 9.92309 )
width = 1.76528
height = 7.4196
depth = 1.69926

[node name="CSGBox49" type="CSGBox" parent="Environment/Floor_StaticBody/CSGCombiner"]
transform = Transform( 0.958572, -5.83435e-05, 0.284852, 5.71683e-06, 1, 0.000185586, -0.284852, -0.000176269, 0.958572, -9.03574, -0.00785687, 10.3965 )
width = 1.36152
height = 7.94098
depth = 2.44567

[node name="CSGBox50" type="CSGBox" parent="Environment/Floor_StaticBody/CSGCombiner"]
transform = Transform( 0.931596, 4.79154e-10, -0.363495, 8.36735e-11, 1, 1.74623e-10, 0.363495, 0, 0.931596, -7.63536, -0.00785686, 10.7244 )
width = 1.36152
height = 6.39909
depth = 2.05515

[node name="CSGBox51" type="CSGBox" parent="Environment/Floor_StaticBody/CSGCombiner"]
transform = Transform( 0.939155, 4.79154e-10, 0.343496, -2.65572e-10, 1, 1.45519e-11, -0.343496, 0, 0.939154, -6.25456, -0.00785686, 9.99673 )
width = 1.36152
height = 4.75809
depth = 2.05515

[node name="CSGBox52" type="CSGBox" parent="Environment/Floor_StaticBody/CSGCombiner"]
transform = Transform( -0.988935, -0.00127998, 0.148344, -0.00124662, 0.999999, 0.000317877, -0.148345, 0.000129424, -0.988936, -0.875688, -0.00260796, 9.81016 )
width = 1.36152
height = 7.94098
depth = 1.42182

[node name="CSGBox53" type="CSGBox" parent="Environment/Floor_StaticBody/CSGCombiner"]
transform = Transform( -0.867366, -0.00127998, 0.49767, -0.0010458, 0.999999, 0.000749273, -0.497671, 0.000129424, -0.867366, -2.21194, -0.00424948, 9.27817 )
width = 1.36152
height = 6.39909
depth = 2.05515

[node name="CSGBox54" type="CSGBox" parent="Environment/Floor_StaticBody/CSGCombiner"]
transform = Transform( -0.979719, -0.00127998, -0.200377, -0.00127996, 0.999999, -0.000129673, 0.200377, 0.000129424, -0.979719, -4.37636, -0.006641, 9.79305 )
width = 2.72973
height = 4.75809
depth = 2.05515

[node name="CSGBox11" type="CSGBox" parent="Environment/Floor_StaticBody/CSGCombiner"]
transform = Transform( 0.903463, 2.46324e-10, -0.428667, -6.54836e-11, 1, -9.45874e-11, 0.428667, 0, 0.903463, -4.81659, -0.00569532, -8.93539 )
width = 2.11769
height = 5.7928
depth = 2.05515

[node name="CSGBox12" type="CSGBox" parent="Environment/Floor_StaticBody/CSGCombiner"]
transform = Transform( 0.90661, 2.46324e-10, 0.42197, -1.30967e-10, 1, -8.00355e-11, -0.42197, 0, 0.90661, -3.16249, -0.00569532, -9.24205 )
width = 2.11769
height = 8.34924
depth = 1.69926

[node name="CSGBox13" type="CSGBox" parent="Environment/Floor_StaticBody/CSGCombiner"]
transform = Transform( 0.75299, 2.46324e-10, -0.658032, 2.18279e-11, 1, -4.36557e-11, 0.658032, 0, 0.75299, -1.67889, -0.00569532, -8.5788 )
width = 0.905249
height = 7.4196
depth = 1.69926

[node name="CSGBox14" type="CSGBox" parent="Environment/Floor_StaticBody/CSGCombiner"]
transform = Transform( 0.610422, 2.46324e-10, -0.792076, 7.27596e-11, 1, 7.27596e-12, 0.792077, 0, 0.610422, -0.588322, -0.00569532, -8.23366 )
width = 1.94292
height = 5.91183
depth = 1.39238

[node name="CSGBox15" type="CSGBox" parent="Environment/Floor_StaticBody/CSGCombiner"]
transform = Transform( 3.56929e-07, -0.000522719, -1, -0.000747613, 1, -0.000522714, 1, 0.00074761, -2.85072e-08, 9.79753, 0.00513544, 1.23597 )
width = 1.36152
height = 7.94098
depth = 1.42182

[node name="CSGBox16" type="CSGBox" parent="Environment/Floor_StaticBody/CSGCombiner"]
transform = Transform( -0.363495, -0.000522719, -0.931596, -0.000886477, 1, -0.000215205, 0.931596, 0.00074761, -0.363495, 9.46966, 0.00391711, 2.63635 )
width = 1.36152
height = 6.39909
depth = 2.05515

[node name="CSGBox17" type="CSGBox" parent="Environment/Floor_StaticBody/CSGCombiner"]
transform = Transform( 0.343497, -0.000522719, -0.939154, -0.000522573, 1, -0.000747712, 0.939154, 0.00074761, 0.343496, 10.1973, 0.00326516, 4.01715 )
width = 1.36152
height = 4.75809
depth = 2.05515

[node name="CSGBox18" type="CSGBox" parent="Environment/Floor_StaticBody/CSGCombiner"]
transform = Transform( -0.428667, -0.000522719, -0.903463, -0.000899511, 1, -0.000151776, 0.903462, 0.00074761, -0.428667, 10.2984, 0.00229473, 5.38585 )
width = 2.11769
height = 5.7928
depth = 2.05515

[node name="CSGBox19" type="CSGBox" parent="Environment/Floor_StaticBody/CSGCombiner"]
transform = Transform( 0.42197, -0.000522719, -0.90661, -0.000457223, 1, -0.000789368, 0.90661, 0.00074761, 0.42197, 10.605, 0.00121841, 7.03994 )
width = 2.11769
height = 8.34924
depth = 1.69926

[node name="CSGBox20" type="CSGBox" parent="Environment/Floor_StaticBody/CSGCombiner"]
transform = Transform( -0.658032, -0.000522719, -0.75299, -0.000906907, 1, 9.83544e-05, 0.752989, 0.00074761, -0.658032, 9.94178, -0.000237446, 8.52354 )
width = 0.905249
height = 7.4196
depth = 1.69926

[node name="CSGBox21" type="CSGBox" parent="Environment/Floor_StaticBody/CSGCombiner"]
transform = Transform( -0.792076, -0.000522719, -0.610422, -0.000870389, 1, 0.00027309, 0.610422, 0.00074761, -0.792076, 9.59664, -0.00123317, 9.61411 )
width = 1.94292
height = 5.91183
depth = 1.39238

[node name="CSGBox22" type="CSGBox" parent="Environment/Floor_StaticBody/CSGCombiner"]
transform = Transform( 3.569e-07, -0.000522719, -1, -0.000747613, 1, -0.000522714, 1, 0.00074761, -2.85363e-08, 9.79612, 0.00616558, -7.93293 )
width = 1.36152
height = 7.94098
depth = 1.42182

[node name="CSGBox23" type="CSGBox" parent="Environment/Floor_StaticBody/CSGCombiner"]
transform = Transform( -0.363495, -0.000522719, -0.931596, -0.000886477, 1, -0.000215205, 0.931596, 0.00074761, -0.363495, 9.46824, 0.00494725, -6.53255 )
width = 1.36152
height = 6.39909
depth = 2.05515

[node name="CSGBox24" type="CSGBox" parent="Environment/Floor_StaticBody/CSGCombiner"]
transform = Transform( 0.343497, -0.000522719, -0.939154, -0.000522574, 1, -0.000747712, 0.939154, 0.00074761, 0.343496, 10.1959, 0.0042953, -5.15174 )
width = 1.36152
height = 4.75809
depth = 2.05515

[node name="CSGBox25" type="CSGBox" parent="Environment/Floor_StaticBody/CSGCombiner"]
transform = Transform( -0.428667, -0.000522719, -0.903463, -0.000899511, 1, -0.000151776, 0.903463, 0.00074761, -0.428667, 10.297, 0.00332487, -3.78305 )
width = 2.11769
height = 5.7928
depth = 2.05515

[node name="CSGBox26" type="CSGBox" parent="Environment/Floor_StaticBody/CSGCombiner"]
transform = Transform( 0.42197, -0.000522719, -0.90661, -0.000457223, 1, -0.000789368, 0.90661, 0.00074761, 0.42197, 10.6036, 0.00224854, -2.12896 )
width = 2.11769
height = 8.34924
depth = 1.69926

[node name="CSGBox27" type="CSGBox" parent="Environment/Floor_StaticBody/CSGCombiner"]
transform = Transform( -0.658032, -0.000522719, -0.75299, -0.000906907, 1, 9.83543e-05, 0.752989, 0.00074761, -0.658032, 9.94037, 0.000792691, -0.645355 )
width = 0.905249
height = 7.4196
depth = 1.69926

[node name="CSGBox28" type="CSGBox" parent="Environment/Floor_StaticBody/CSGCombiner"]
transform = Transform( -0.792076, -0.000522719, -0.610423, -0.000870389, 1, 0.00027309, 0.610422, 0.00074761, -0.792076, 9.59523, -0.000203035, 0.445211 )
width = 1.94292
height = 5.91183
depth = 1.39238

[node name="CSGBox29" type="CSGBox" parent="Environment/Floor_StaticBody/CSGCombiner"]
transform = Transform( 3.56755e-07, -0.000522719, -1, -0.000747614, 1, -0.000522714, 1, 0.00074761, -2.85072e-08, -9.53035, -0.00703735, 0.323324 )
width = 1.36152
height = 7.94098
depth = 1.42182

[node name="CSGBox30" type="CSGBox" parent="Environment/Floor_StaticBody/CSGCombiner"]
transform = Transform( -0.363495, -0.000522719, -0.931597, -0.000886477, 1, -0.000215205, 0.931596, 0.00074761, -0.363495, -9.85823, -0.00825567, 1.7237 )
width = 1.36152
height = 6.39909
depth = 2.05515

[node name="CSGBox31" type="CSGBox" parent="Environment/Floor_StaticBody/CSGCombiner"]
transform = Transform( 0.343497, -0.000522719, -0.939154, -0.000522574, 1, -0.000747712, 0.939155, 0.00074761, 0.343496, -9.13057, -0.00890763, 3.10451 )
width = 1.36152
height = 4.75809
depth = 2.05515

[node name="CSGBox32" type="CSGBox" parent="Environment/Floor_StaticBody/CSGCombiner"]
transform = Transform( -0.428667, -0.000522719, -0.903463, -0.000899511, 1, -0.000151777, 0.903462, 0.00074761, -0.428667, -9.02952, -0.00987806, 4.4732 )
width = 2.11769
height = 5.7928
depth = 2.05515

[node name="CSGBox33" type="CSGBox" parent="Environment/Floor_StaticBody/CSGCombiner"]
transform = Transform( 0.42197, -0.000522719, -0.90661, -0.000457223, 1, -0.000789369, 0.90661, 0.00074761, 0.42197, -8.72286, -0.0109544, 6.12729 )
width = 2.11769
height = 8.34924
depth = 1.69926

[node name="CSGBox34" type="CSGBox" parent="Environment/Floor_StaticBody/CSGCombiner"]
transform = Transform( -0.658033, -0.000522719, -0.75299, -0.000906908, 1, 9.83544e-05, 0.752989, 0.00074761, -0.658032, -9.3861, -0.0124102, 7.61089 )
width = 0.905249
height = 7.4196
depth = 1.69926

[node name="CSGBox35" type="CSGBox" parent="Environment/Floor_StaticBody/CSGCombiner"]
transform = Transform( -0.792076, -0.000522719, -0.610423, -0.000870389, 1, 0.00027309, 0.610422, 0.00074761, -0.792076, -9.73125, -0.013406, 8.70147 )
width = 1.94292
height = 5.91183
depth = 1.39238

[node name="CSGBox38" type="CSGBox" parent="Environment/Floor_StaticBody/CSGCombiner"]
transform = Transform( 0.343497, -0.000522719, -0.939154, -0.000522574, 1, -0.000747712, 0.939155, 0.00074761, 0.343496, -9.13198, -0.00787748, -6.0644 )
width = 1.36152
height = 4.75809
depth = 2.05515

[node name="CSGBox43" type="CSGBox" parent="Environment/Floor_StaticBody/CSGCombiner"]
transform = Transform( 0.963655, -5.31817e-05, -0.267154, -5.31065e-05, 1, -0.000390618, 0.267154, 0.000390608, 0.963654, -9.74724, -0.00812996, -7.29441 )
width = 1.36152
height = 9.58801
depth = 2.05515

[node name="CSGBox39" type="CSGBox" parent="Environment/Floor_StaticBody/CSGCombiner"]
transform = Transform( -0.428667, -0.000522719, -0.903463, -0.000899511, 1, -0.000151777, 0.903463, 0.00074761, -0.428667, -9.03093, -0.00884792, -4.6957 )
width = 2.11769
height = 5.7928
depth = 2.05515

[node name="CSGBox40" type="CSGBox" parent="Environment/Floor_StaticBody/CSGCombiner"]
transform = Transform( 0.42197, -0.000522719, -0.90661, -0.000457224, 1, -0.000789369, 0.90661, 0.00074761, 0.42197, -8.72428, -0.00992425, -3.04161 )
width = 2.11769
height = 8.34924
depth = 1.69926

[node name="CSGBox41" type="CSGBox" parent="Environment/Floor_StaticBody/CSGCombiner"]
transform = Transform( -0.658033, -0.000522719, -0.75299, -0.000906908, 1, 9.83543e-05, 0.752989, 0.00074761, -0.658032, -9.38752, -0.0113801, -1.558 )
width = 0.905249
height = 7.4196
depth = 1.69926

[node name="CSGBox42" type="CSGBox" parent="Environment/Floor_StaticBody/CSGCombiner"]
transform = Transform( -0.792076, -0.000522719, -0.610423, -0.000870389, 1, 0.00027309, 0.610422, 0.00074761, -0.792076, -9.73266, -0.0123758, -0.467438 )
width = 1.94292
height = 5.91183
depth = 1.39238

[node name="Orb" parent="." instance=ExtResource( 1 )]

[node name="OrbController" type="Spatial" parent="."]
script = ExtResource( 2 )

[editable path="Player"]
